0ba772171ab6:[(595, 763), 2, 136]|[(410, 593), 0, 41]|[(230, 428), 3, 41]|[(766, 581), 2, 136]|[(581, 417), 0, -138]|[(402, 257), 2, -43]|[(757, 411), 4, 136]
1fae94a8d856:[(601, 399), 1, -132]
57937317f731:[(278, 266), 4, 91]
6790e2ad207d:[(426, 529), 2, -34]|[(222, 358), 4, 37]
9559b68c1ad4:[(381, 585), 4, -32]
affb1a083929:[(358, 202), 3, 131]
c14c88990bf3:[(665, 888), 3, 142]|[(461, 705), 0, 39]|[(459, 528), 3, 39]|[(852, 692), 0, 142]|[(639, 357), 0, -140]|[(455, 208), 0, -37]|[(1026, 510), 1, 142]|[(823, 352), 0, 142]|[(633, 203), 2, -37]
d664c1919c76:[(720, 355), 2, -143]|[(406, 569), 2, -52]|[(552, 379), 0, 36]|[(769, 690), 2, 127]|[(259, 761), 2, -52]|[(406, 569), 3, -52]
e804dc01261a:[(434, 585), 4, -49]
ea3f05b15d33:[(541, 283), 1, 179]|[(421, 405), 1, -88]
fa2861ce7ad2:[(166, 442), 1, -131]|[(377, 300), 0, 149]|[(576, 166), 1, 149]|[(131, 613), 0, -131]|[(540, 478), 0, -30]|[(740, 332), 0, 48]|[(496, 836), 1, -131]|[(715, 669), 0, -131]|[(918, 512), 4, 48]
fd8b74542ea2:[(156, 378), 2, -132]|[(359, 238), 3, 147]|[(315, 561), 0, -132]|[(520, 412), 0, -32]|[(485, 759), 4, -132]|[(693, 597), 4, -132]
