affb1a083929:[(20.0, -20.0), 3, 270]
fa2861ce7ad2:[(0, 0), 1, 270]|[(20.0, -0.0), 0, 180]|[(40.0, -0.0), 1, 180]|[(-10.0, -10.0), 0, 270]|[(20.0, -20.0), 0, 0]|[(40.0, -20.0), 0, 90]|[(0.0, -40.0), 1, 270]|[(20.0, -40.0), 0, 270]|[(40.0, -40.0), 4, 90]
fd8b74542ea2:[(0, 0), 2, 270]|[(20.0, -0.0), 3, 180]|[(0.0, -20.0), 0, 270]|[(20.0, -20.0), 0, 0]|[(0.0, -40.0), 4, 270]|[(20.0, -40.0), 4, 270]
ea3f05b15d33:[(20.0, -0.0), 1, 180]|[(10.0, -10.0), 1, 270]
6790e2ad207d:[(20.0, -0.0), 2, 180]|[(20.0, -20.0), 4, 270]
c14c88990bf3:[(0, 0), 3, 270]|[(20.0, -0.0), 0, 180]|[(30.0, 10.0), 3, 180]|[(0.0, -20.0), 0, 270]|[(30.0, -30.0), 0, 0]|[(50.0, -30.0), 0, 90]|[(0.0, -40.0), 1, 270]|[(20.0, -40.0), 0, 270]|[(40.0, -40.0), 2, 90]
57937317f731:[(20.0, -20.0), 4, 270]
0ba772171ab6:[(0, 0), 2, 270]|[(20.0, -0.0), 0, 180]|[(40.0, -0.0), 3, 180]|[(0.0, -20.0), 2, 270]|[(20.0, -20.0), 0, 0]|[(40.0, -20.0), 2, 90]|[(10.0, -30.0), 4, 270]
d664c1919c76:[(20.0, -0.0), 2, 180]|[(10.0, -30.0), 2, 270]|[(10.0, -10.0), 0, 0]|[(40.0, -20.0), 2, 90]|[(10.0, -50.0), 2, 270]|[(10.0, -30.0), 3, 270]
9559b68c1ad4:[(20.0, -20.0), 4, 270]
e804dc01261a:[(20.0, -20.0), 4, 270]
1fae94a8d856:[(20.0, -20.0), 1, 270]
