a72958f23e22:[(842, 587), 4, -65]|[(581, 862), 1, -65]|[(567, 326), 4, 25]|[(465, 543), 0, -245]|[(523, 703), 0, -155]|[(407, 384), 1, 25]|[(306, 601), 3, -155]
3317be634c4b:[(300, 299), 1, -90]|[(660, 420), 0, -180]|[(900, 420), 1, -180]|[(300, 539), 0, -90]|[(420, 419), 0, -360]|[(900, 660), 0, -270]|[(419, 900), 4, -90]|[(540, 780), 0, -90]|[(780, 780), 2, -270]
ada1a6e545f3:[(563, 330), 1, 193]
704356a28203:[(824, 211), 1, 9]|[(787, 448), 0, -81]|[(612, 785), 2, -81]|[(412, 511), 4, 9]|[(512, 648), 3, -171]
bb72dc360447:[(384, 585), 3, -33]
f6571770da9e:[(398, 404), 2, 162]|[(398, 404), 3, -18]|[(472, 632), 1, 252]
0ea84258f66b:[(227, 672), 3, 202]|[(317, 450), 2, 112]|[(450, 762), 0, 202]|[(696, 473), 0, -68]|[(629, 317), 2, 22]|[(516, 918), 4, 202]|[(606, 696), 0, 202]|[(852, 407), 3, 22]
204b817fe5f3:[(401, 850), 4, 159]|[(315, 626), 0, 69]|[(229, 401), 2, 69]|[(626, 764), 0, 159]|[(540, 540), 0, -111]|[(453, 315), 0, -21]|[(850, 678), 4, 159]|[(764, 453), 0, 159]|[(678, 229), 3, -21]
b6184402472c:[(280, 322), 1, 80]|[(517, 280), 3, 170]
25c5f2e12ca3:[(669, 309), 2, 183]
1b817087e349:[(407, 659), 1, 6]|[(300, 527), 4, -174]|[(325, 288), 3, 96]
9e3c61a5fc50:[(585, 458), 1, 238]
d628e8d0a115:[(604, 978), 3, 119]|[(394, 862), 0, 29]|[(347, 699), 2, 29]|[(720, 768), 0, 119]|[(510, 652), 0, -151]|[(301, 536), 0, -61]|[(790, 395), 1, 119]|[(580, 279), 0, 119]|[(417, 326), 2, -61]
546613a83344:[(367, 581), 3, -27]|[(258, 367), 4, 63]
28b465db125b:[(203, 581), 4, 218]|[(350, 392), 0, 128]|[(498, 203), 2, 128]|[(392, 729), 0, 218]|[(540, 540), 0, -52]|[(687, 350), 0, 38]|[(581, 876), 4, 218]|[(729, 687), 0, 218]|[(876, 498), 3, 38]
36c4493c2b5c:[(543, 900), 3, 22]|[(320, 810), 3, 22]|[(921, 924), 3, 112]|[(633, 678), 0, -158]|[(410, 588), 0, -68]|[(723, 455), 4, 112]|[(434, 209), 4, -68]
628c44418bc8:[(256, 849), 3, 189]|[(294, 612), 0, 99]|[(331, 375), 2, 99]|[(531, 649), 0, -81]|[(568, 412), 0, 9]|[(631, 787), 2, 189]|[(943, 350), 3, 9]
cce0356fb82a:[(644, 862), 2, 117]|[(431, 753), 0, 27]|[(378, 592), 3, 27]|[(753, 648), 1, 117]|[(487, 378), 0, -153]|[(326, 431), 2, -63]|[(648, 326), 4, 117]
407a52e02087:[(684, 470), 2, -165]|[(537, 555), 3, -345]|[(475, 787), 2, -75]
a862d64703f8:[(225, 479), 1, 45]
046f6371759d:[(517, 559), 4, -80]
030698ca0e5a:[(243, 384), 1, 67]
5ce93334be8d:[(234, 545), 4, 30]
94695f77fd39:[(337, 271), 2, 106]
f139e2179eb4:[(429, 231), 2, -68]|[(718, 478), 0, -158]|[(874, 411), 1, -158]|[(339, 454), 0, -68]|[(562, 544), 0, -338]|[(785, 634), 1, -248]|[(250, 676), 2, -68]|[(538, 923), 2, -68]
cf23949760c8:[(248, 837), 1, 191]|[(434, 506), 0, 101]|[(339, 366), 3, 101]|[(483, 883), 0, 191]|[(529, 647), 0, -79]|[(575, 411), 0, 11]|[(719, 928), 2, 191]|[(765, 693), 0, 191]|[(951, 362), 3, 11]
9285843b12e8:[(405, 589), 1, -40]
95d74241fb60:[(250, 417), 4, 46]
669f00ce07b7:[(254, 455), 2, 33]
b4f615f00a21:[(399, 773), 3, 5]|[(311, 404), 1, -175]|[(441, 295), 2, 95]
cc15ff61e54b:[(259, 352), 4, 75]
f7cea84b031a:[(262, 865), 4, 175]|[(241, 626), 0, 85]|[(220, 387), 2, 85]|[(392, 974), 0, 175]|[(589, 475), 0, -95]|[(459, 366), 0, -5]|[(849, 693), 3, 175]|[(719, 584), 0, 175]|[(698, 345), 1, -5]
8c7455a57db4:[(445, 671), 2, 174]|[(552, 539), 0, 84]|[(395, 193), 3, 84]|[(659, 407), 3, 174]
5569358cf234:[(471, 225), 4, -47]|[(646, 389), 2, -137]|[(307, 401), 4, -47]|[(488, 734), 0, -317]|[(652, 558), 4, -227]|[(313, 570), 4, -47]
3e3fe87bac1c:[(509, 276), 1, 167]
49739833045d:[(201, 569), 2, 220]|[(525, 370), 0, 130]|[(510, 201), 4, 130]|[(554, 709), 0, 220]|[(370, 554), 0, -50]|[(694, 356), 0, 40]|[(569, 878), 3, 220]|[(723, 694), 0, 220]|[(709, 525), 2, 40]
e1f63912c923:[(475, 787), 2, -13]|[(799, 589), 3, 77]|[(421, 553), 0, -193]|[(331, 697), 2, -103]|[(601, 265), 1, 77]|[(367, 319), 0, 77]|[(277, 463), 1, -103]
6d1d131a4865:[(422, 299), 2, 144]|[(731, 519), 4, -36]|[(537, 660), 2, 234]
36b79ad57a46:[(455, 254), 3, 147]
263f73c643bd:[(420, 420), 1, -150]|[(463, 583), 3, -60]
ee75f120a828:[(254, 692), 3, 72]|[(634, 695), 3, 162]|[(482, 618), 0, -108]|[(785, 772), 2, 162]|[(788, 393), 0, 162]|[(637, 316), 3, -18]
1c7d3cb5ffc1:[(699, 240), 3, -17]|[(619, 390), 0, -107]|[(839, 699), 1, -107]|[(469, 310), 2, -17]|[(460, 689), 0, -287]|[(610, 769), 0, -197]|[(310, 610), 1, -17]|[(380, 839), 2, -197]
9fa3c357a6d0:[(641, 229), 1, -36]|[(615, 397), 0, -126]|[(756, 591), 1, -126]|[(474, 202), 0, -36]|[(615, 397), 0, -306]|[(729, 758), 0, -216]|[(253, 511), 2, -36]|[(367, 873), 0, -36]|[(561, 732), 2, -216]
5e1e2514cefe:[(729, 821), 3, 101]|[(399, 634), 0, 11]|[(258, 729), 1, 11]|[(775, 585), 0, 101]|[(540, 540), 0, -169]|[(304, 494), 0, -79]|[(821, 350), 2, 101]|[(585, 304), 0, 101]|[(350, 258), 3, -79]
e59bfe59de49:[(289, 310), 2, 85]
e659a07f3544:[(256, 350), 3, 261]|[(493, 313), 0, 171]|[(730, 275), 4, 171]|[(294, 587), 0, 261]|[(531, 550), 0, -9]|[(631, 412), 0, 81]|[(331, 824), 3, 261]|[(568, 787), 0, 261]|[(943, 849), 3, 81]
ccabf1b47d51:[(796, 317), 3, 4]|[(779, 556), 1, -86]|[(684, 189), 0, 4]|[(540, 540), 0, -266]|[(523, 779), 2, -176]|[(317, 283), 3, 4]|[(300, 523), 0, 4]|[(283, 762), 3, -176]
2fb3b1e5fd80:[(323, 730), 2, 76]|[(265, 497), 3, 76]|[(526, 1051), 3, 166]|[(556, 672), 0, -104]|[(585, 294), 0, -14]|[(876, 469), 4, 166]|[(643, 527), 3, -14]
dce1a2e2cdd2:[(587, 449), 1, -125]|[(390, 587), 1, -35]
8fd152ba0eba:[(268, 342), 4, 72]
f4c9ccc0dc91:[(387, 232), 2, -75]|[(704, 441), 0, -165]|[(936, 503), 1, -165]|[(325, 464), 0, -75]|[(557, 526), 0, -345]|[(789, 588), 0, -255]|[(263, 696), 4, -75]|[(580, 905), 0, -75]|[(727, 820), 2, -255]
b4b011bd7299:[(303, 296), 4, 93]
5365515c2d47:[(277, 340), 1, 58]
0dcf5e76cd1d:[(399, 588), 3, -38]
b2bb74729ad4:[(308, 291), 2, 94]
f5d59d5a35d1:[(273, 335), 3, 75]
4b6e05d62d6d:[(589, 417), 1, 224]
68f4a2a2c3ac:[(341, 250), 1, 81]|[(479, 350), 4, 171]
212627554cec:[(663, 745), 4, -31]|[(745, 416), 4, 59]|[(540, 540), 0, -211]|[(334, 663), 1, -121]|[(416, 334), 2, 59]
72985efc53ee:[(168, 634), 1, 186]|[(193, 395), 4, 96]|[(407, 659), 0, 186]|[(432, 420), 0, -84]|[(514, 791), 1, 186]|[(671, 445), 3, 186]
13ee0476e046:[(238, 342), 2, 254]|[(469, 276), 3, 164]|[(304, 573), 0, 254]|[(535, 506), 0, -16]|[(370, 803), 2, 254]|[(601, 737), 3, 254]
b1f32efd08b5:[(255, 710), 2, 205]|[(357, 492), 4, 115]|[(473, 811), 0, 205]|[(734, 536), 0, -65]|[(835, 318), 2, 25]|[(531, 971), 3, 205]|[(792, 695), 0, 205]|[(893, 478), 1, 25]
dd324a9e2c4f:[(373, 583), 1, -29]
c819b82be2ff:[(512, 277), 1, 168]
ae29f97fa4e2:[(747, 404), 3, 10]|[(566, 738), 0, -80]|[(566, 738), 1, -80]|[(511, 362), 0, 10]|[(469, 599), 0, -260]|[(566, 738), 1, -170]|[(274, 321), 1, 10]|[(233, 557), 2, 10]
a69674fab80f:[(955, 393), 4, 29]|[(838, 603), 0, -61]|[(722, 813), 3, -61]|[(745, 277), 4, 29]|[(629, 487), 0, -241]|[(349, 744), 1, -151]|[(419, 371), 1, 29]
c948553f19b0:[(334, 924), 4, 161]|[(330, 545), 0, 71]|[(178, 470), 2, 71]|[(561, 846), 0, 161]|[(408, 772), 1, 161]|[(862, 615), 2, 161]
7c9a7e752e14:[(384, 254), 2, 123]
2e25de0d7747:[(504, 877), 4, 141]|[(353, 691), 0, 51]|[(202, 504), 1, 51]|[(691, 726), 0, 141]|[(557, 371), 0, -129]|[(388, 353), 0, -39]|[(877, 575), 4, 141]|[(726, 388), 0, 141]|[(575, 202), 3, -39]
60546a1f46b2:[(557, 519), 1, 261]
ff17ae645106:[(531, 412), 2, -98]|[(326, 683), 2, -8]
f06d0b0734a1:[(843, 837), 2, 102]|[(516, 644), 0, 12]|[(374, 737), 2, 12]|[(893, 602), 0, 102]|[(658, 552), 0, -168]|[(331, 360), 0, -78]|[(1035, 509), 4, 102]|[(801, 460), 0, 102]|[(473, 267), 3, -78]
f51b3ce4f44e:[(431, 589), 1, -49]
f29b4ec63ebe:[(342, 571), 4, -18]
4d41a6c7aff8:[(561, 779), 3, 139]|[(404, 598), 0, 49]|[(415, 428), 1, 49]|[(742, 621), 4, 139]|[(585, 440), 0, -131]|[(427, 259), 4, -41]|[(754, 452), 3, 139]
d73001e814f6:[(664, 435), 4, -122]|[(422, 728), 1, -32]
c97310d092a8:[(783, 302), 4, -12]|[(833, 537), 0, -102]|[(883, 772), 1, -102]|[(548, 352), 0, -12]|[(598, 587), 0, -282]|[(648, 822), 0, -192]|[(406, 260), 1, -12]|[(271, 779), 0, -12]|[(506, 729), 4, -192]
f79f0bf2e4cd:[(420, 250), 3, 135]
8acc460f85e8:[(264, 489), 3, 21]
0232f5837fe8:[(475, 580), 3, -64]
030c8895839b:[(277, 512), 4, 12]
6cad3db2dab6:[(239, 397), 1, 244]|[(455, 291), 4, 154]|[(344, 612), 3, 244]|[(720, 562), 3, 244]
959062b5b908:[(548, 529), 2, -9]|[(274, 330), 3, 81]
894e1cd1e02a:[(895, 785), 3, 91]|[(655, 781), 0, 1]|[(297, 654), 1, 1]|[(899, 545), 1, 91]|[(659, 541), 0, -179]|[(664, 301), 1, 91]
2a64d38d45f4:[(441, 170), 4, -48]|[(620, 330), 0, -138]|[(798, 491), 1, -138]|[(281, 348), 3, -48]|[(459, 509), 1, -48]
1c8f516a6b51:[(765, 209), 4, -22]|[(855, 431), 4, -112]|[(543, 299), 0, -22]|[(699, 365), 0, -292]|[(656, 900), 2, -202]|[(320, 389), 4, -22]|[(344, 768), 0, -22]|[(434, 990), 4, -202]
7336a234be9c:[(277, 339), 2, 59]
2bc126b3f7b8:[(1021, 555), 2, 39]|[(853, 573), 0, -51]|[(702, 759), 4, -51]|[(835, 404), 2, 39]|[(853, 573), 0, -231]|[(364, 795), 4, -141]|[(329, 457), 3, 39]
d17029a0698d:[(507, 274), 4, 166]
201c665cecf1:[(308, 788), 2, 178]|[(424, 664), 0, 88]|[(291, 308), 3, 88]|[(548, 779), 0, 178]|[(424, 664), 0, -92]|[(531, 300), 0, -2]|[(672, 895), 1, 178]|[(779, 531), 0, 178]|[(771, 291), 2, -2]
21d3a84ef6be:[(973, 451), 4, 38]|[(805, 472), 0, -52]|[(509, 850), 3, -52]|[(616, 324), 3, 38]|[(805, 472), 0, -232]|[(489, 681), 4, -142]|[(447, 344), 2, 38]
90ba6fa5a8d1:[(850, 678), 4, 69]|[(470, 695), 0, -21]|[(470, 695), 2, -21]|[(919, 523), 4, 69]|[(384, 470), 0, -201]|[(315, 626), 0, -111]|[(453, 315), 2, 69]|[(229, 401), 1, -111]
4e777ebad3bd:[(568, 337), 4, 196]
cf8178295df3:[(598, 772), 3, -14]|[(365, 830), 2, -14]|[(772, 481), 3, 76]|[(540, 540), 0, -194]|[(307, 598), 0, -104]|[(860, 336), 3, 76]|[(481, 307), 0, 76]|[(249, 365), 4, -104]
1db73785f975:[(603, 455), 4, -121]|[(521, 785), 3, -301]|[(315, 908), 1, -31]
eec6e574a243:[(430, 312), 2, 191]
bf6a19e15666:[(1020, 540), 4, 37]|[(875, 732), 0, -53]|[(563, 947), 2, -53]|[(996, 372), 0, 37]|[(684, 588), 0, -233]|[(371, 803), 0, -143]|[(636, 252), 4, 37]|[(492, 443), 0, 37]|[(179, 659), 3, -143]
4450ea82cde6:[(343, 277), 3, -82]|[(683, 446), 4, -172]|[(207, 379), 0, -82]|[(547, 548), 0, -352]|[(276, 753), 3, -82]|[(616, 922), 3, -82]
58406d2a7d90:[(306, 905), 1, 166]|[(394, 759), 0, 76]|[(190, 439), 3, 76]|[(539, 847), 0, 166]|[(394, 759), 0, -104]|[(423, 381), 0, -14]|[(860, 643), 3, 166]|[(802, 410), 0, 166]|[(656, 323), 1, -14]
b55825ce65c6:[(569, 878), 1, 130]|[(370, 554), 4, 40]|[(723, 694), 3, 130]|[(540, 540), 0, -140]|[(356, 385), 3, -50]|[(694, 356), 1, 130]
