0ba772171ab6:[(592, 775), 2, 133]|[(417, 611), 0, 43]|[(241, 447), 3, 43]|[(756, 599), 2, 133]|[(580, 436), 0, -137]|[(405, 272), 2, -47]|[(750, 430), 4, 133]
1fae94a8d856:[(589, 431), 1, 229]
57937317f731:[(289, 310), 4, 85]
6790e2ad207d:[(425, 589), 2, -47]|[(250, 425), 4, 43]
9559b68c1ad4:[(381, 585), 4, -32]
affb1a083929:[(364, 259), 3, 116]
c14c88990bf3:[(655, 920), 3, 133]|[(480, 756), 0, 43]|[(474, 586), 3, 43]|[(819, 744), 0, 133]|[(637, 411), 0, -137]|[(462, 247), 0, -47]|[(983, 569), 1, 133]|[(807, 405), 0, 133]|[(632, 241), 2, -47]
d664c1919c76:[(720, 360), 2, -143]|[(408, 575), 2, -53]|[(552, 384), 0, -323]|[(767, 696), 2, -233]|[(263, 767), 2, -53]|[(408, 575), 3, -53]
e804dc01261a:[(434, 589), 4, -50]
ea3f05b15d33:[(538, 297), 1, 179]|[(421, 419), 1, 269]
fa2861ce7ad2:[(202, 504), 1, 231]|[(388, 353), 0, 141]|[(575, 202), 1, 141]|[(184, 673), 0, 231]|[(540, 540), 0, -39]|[(726, 388), 0, 51]|[(504, 877), 1, 231]|[(691, 726), 0, 231]|[(877, 575), 4, 51]
fd8b74542ea2:[(175, 429), 2, 231]|[(362, 277), 3, 141]|[(326, 615), 0, 231]|[(513, 464), 0, -39]|[(477, 802), 4, 231]|[(664, 650), 4, 231]
