5319afa22c33:[(540, 300), 4, 180]|[(300, 540), 1, 270]|[(420, 420), 0, 0]|[(900, 660), 2, 90]|[(300, 780), 3, 270]|[(540, 780), 2, 270]
a7250e16f089:[(540, 540), 3, 270]
bb95364311de:[(540, 540), 3, 270]
63f1ad0ee301:[(300, 300), 3, 270]|[(540, 300), 3, 180]|[(420, 660), 0, 270]|[(540, 540), 0, 0]|[(780, 540), 4, 90]|[(300, 780), 3, 270]|[(540, 780), 0, 270]|[(780, 780), 1, 90]
c95ccfa0737e:[(540, 540), 2, 270]
62247ab49736:[(300, 300), 2, 270]|[(420, 420), 0, 180]|[(780, 300), 1, 180]|[(300, 540), 0, 270]|[(540, 540), 0, 0]|[(660, 420), 4, 90]|[(300, 780), 1, 270]|[(540, 780), 2, 270]
d6d993720ca6:[(300, 300), 3, 270]|[(660, 420), 0, 180]|[(900, 420), 1, 180]|[(300, 540), 0, 270]|[(660, 660), 0, 0]|[(780, 540), 0, 90]|[(420, 900), 4, 270]|[(540, 780), 0, 270]|[(780, 780), 2, 90]
2089d67d97cc:[(660, 420), 3, 180]|[(660, 660), 4, 0]|[(660, 900), 1, 270]
be74656c64a4:[(420, 420), 4, 270]
d039530fb30a:[(300, 300), 4, 270]|[(660, 420), 0, 180]|[(780, 300), 3, 180]|[(180, 420), 3, 270]|[(540, 540), 0, 270]|[(900, 660), 0, 90]|[(660, 660), 3, 90]
f28efc07288f:[(300, 300), 3, 270]|[(540, 300), 0, 180]|[(660, 420), 2, 180]|[(300, 540), 0, 270]|[(660, 660), 0, 0]|[(780, 540), 0, 90]|[(300, 780), 4, 270]|[(540, 780), 0, 270]|[(780, 780), 4, 90]
e5b808c76234:[(540, 540), 2, 270]
614ab39df554:[(300, 300), 1, 270]|[(540, 300), 3, 180]|[(300, 540), 3, 270]|[(540, 540), 4, 270]
6cf597fdacd0:[(300, 300), 3, 270]|[(540, 300), 0, 180]|[(780, 300), 1, 180]|[(300, 540), 0, 270]|[(540, 540), 0, 0]|[(660, 420), 0, 90]|[(300, 780), 4, 270]|[(540, 780), 0, 270]|[(780, 780), 1, 90]
01ba83304c3f:[(300, 300), 2, 270]|[(660, 420), 0, 180]|[(780, 300), 2, 180]|[(300, 540), 0, 270]|[(540, 540), 0, 0]|[(780, 540), 0, 90]|[(180, 660), 3, 270]|[(540, 780), 0, 270]|[(780, 780), 1, 90]
5bdc47078ce2:[(300, 300), 3, 270]|[(540, 300), 4, 180]|[(300, 540), 0, 270]|[(540, 540), 0, 0]|[(180, 660), 4, 270]|[(660, 900), 1, 270]
199a7e2162e7:[(660, 420), 1, 180]|[(660, 660), 1, 270]
b005f4cdef41:[(540, 300), 3, 180]|[(540, 540), 2, 270]
149bdd20086c:[(300, 300), 1, 270]|[(540, 300), 0, 180]|[(780, 300), 3, 180]|[(300, 540), 0, 270]|[(660, 660), 0, 0]|[(780, 540), 4, 90]|[(300, 780), 3, 270]|[(540, 780), 4, 270]
1e2362744a16:[(300, 300), 4, 270]|[(540, 300), 0, 180]|[(900, 420), 4, 180]|[(180, 420), 0, 270]|[(420, 420), 0, 0]|[(780, 540), 2, 90]|[(300, 780), 3, 270]|[(540, 780), 3, 270]
cb663edbeb07:[(300, 300), 3, 270]|[(540, 300), 0, 180]|[(780, 300), 1, 180]|[(300, 540), 0, 270]|[(540, 540), 0, 0]|[(900, 660), 0, 90]|[(300, 780), 2, 270]|[(540, 780), 0, 270]|[(780, 780), 2, 90]
373a68a622b7:[(300, 300), 1, 270]|[(540, 300), 0, 180]|[(780, 300), 2, 180]|[(300, 540), 2, 270]|[(420, 420), 0, 0]|[(660, 420), 2, 90]|[(660, 900), 2, 270]
0b7821f2270b:[(300, 300), 3, 270]|[(420, 420), 0, 180]|[(900, 420), 4, 180]|[(300, 540), 0, 270]|[(540, 540), 0, 0]|[(780, 540), 0, 90]|[(300, 780), 2, 270]|[(540, 780), 0, 270]|[(660, 660), 4, 90]
0947e1fc860b:[(300, 300), 1, 270]|[(540, 300), 3, 180]|[(300, 540), 0, 270]|[(420, 420), 0, 0]|[(900, 660), 4, 90]|[(300, 780), 2, 270]|[(420, 660), 0, 270]|[(900, 900), 2, 90]
7c16fffe909a:[(540, 540), 3, 270]
265b447e4a63:[(300, 300), 3, 270]|[(540, 300), 0, 180]|[(780, 300), 1, 180]|[(420, 660), 3, 270]|[(420, 420), 0, 0]|[(780, 540), 0, 90]|[(540, 780), 3, 270]|[(780, 780), 3, 90]
5613f3a0064f:[(540, 300), 3, 180]|[(780, 300), 4, 180]|[(300, 540), 2, 270]|[(540, 540), 0, 0]|[(780, 540), 0, 90]|[(300, 780), 4, 270]|[(660, 900), 0, 270]|[(900, 900), 4, 90]
ce1daca1784c:[(540, 540), 2, 270]
57546db1b349:[(540, 540), 2, 270]
25c49be04069:[(660, 660), 3, 270]
5b2acd116546:[(540, 300), 2, 180]|[(420, 660), 4, 270]|[(540, 540), 0, 0]|[(780, 540), 2, 90]|[(300, 780), 2, 270]|[(660, 900), 0, 270]|[(780, 780), 2, 90]
babe7624039d:[(420, 420), 2, 270]
cf0a3754bc4e:[(300, 300), 1, 270]|[(420, 420), 0, 180]|[(780, 300), 2, 180]|[(300, 540), 0, 270]|[(660, 660), 0, 0]|[(780, 540), 0, 90]|[(300, 780), 2, 270]|[(540, 780), 0, 270]|[(780, 780), 2, 90]
dba4930e8a20:[(300, 300), 4, 270]|[(660, 420), 0, 180]|[(780, 300), 4, 180]|[(300, 540), 0, 270]|[(540, 540), 0, 0]|[(900, 660), 0, 90]|[(420, 900), 4, 270]|[(420, 660), 0, 270]|[(660, 660), 2, 90]
5106fbaca988:[(300, 300), 2, 270]|[(540, 300), 4, 180]|[(300, 540), 4, 270]|[(540, 540), 0, 0]|[(660, 900), 1, 270]
eb79bccbd5be:[(540, 300), 1, 180]|[(780, 300), 2, 180]|[(300, 540), 4, 270]|[(540, 540), 0, 0]|[(780, 540), 0, 90]|[(420, 900), 1, 270]|[(540, 780), 0, 270]|[(780, 780), 3, 90]
ee0c2e5bc671:[(300, 300), 3, 270]|[(540, 300), 0, 180]|[(780, 300), 2, 180]|[(300, 540), 1, 270]|[(540, 540), 0, 0]|[(780, 540), 0, 90]|[(540, 780), 2, 270]|[(900, 900), 3, 90]
d09a99705ed0:[(300, 300), 3, 270]|[(540, 300), 0, 180]|[(780, 300), 2, 180]|[(300, 540), 0, 270]|[(540, 540), 0, 0]|[(780, 540), 0, 90]|[(300, 780), 2, 270]|[(540, 780), 0, 270]|[(780, 780), 1, 90]
88e5463f16e6:[(300, 300), 2, 270]|[(540, 300), 1, 180]|[(660, 660), 4, 270]
ff5177e37cb6:[(300, 300), 1, 270]|[(540, 300), 0, 180]|[(780, 300), 3, 180]|[(420, 420), 2, 270]|[(780, 540), 0, 90]|[(900, 900), 1, 90]
