d9fec4226107:[(162, 395), 1, -126]|[(392, 273), 0, 155]|[(607, 159), 1, 155]|[(301, 593), 1, -126]|[(540, 457), 0, -126]|[(759, 330), 0, 53]|[(930, 521), 1, 53]
e2425571a8e3:[(256, 302), 1, 74]
477aad34309e:[(398, 253), 1, 151]|[(526, 452), 2, -28]|[(659, 658), 2, -121]
f0117901b095:[(597, 401), 3, -135]
2709c67639b8:[(576, 162), 4, -43]|[(760, 313), 0, -139]|[(961, 637), 2, -139]|[(411, 330), 0, -43]|[(604, 655), 0, 40]|[(782, 646), 0, 136]|[(241, 504), 4, -43]|[(424, 664), 0, -43]|[(623, 1008), 1, 136]
2d1ac847f918:[(303, 543), 3, 36]|[(452, 198), 3, 136]
76e64d50bbc8:[(484, 786), 3, 137]|[(256, 631), 1, 31]|[(612, 409), 0, 137]|[(398, 279), 0, -148]|[(796, 383), 4, 137]|[(578, 255), 3, 137]
d478803085af:[(958, 700), 4, 82]|[(706, 743), 0, -9]|[(307, 686), 2, -9]|[(907, 461), 0, 82]|[(661, 503), 0, 170]|[(558, 643), 0, -97]|[(858, 233), 1, 82]|[(617, 273), 0, 82]|[(374, 312), 3, -97]
aca3c1fa64d0:[(330, 234), 1, -71]|[(684, 411), 2, -170]|[(176, 322), 4, -71]|[(532, 506), 0, 9]|[(374, 605), 2, -71]
3fd107be2c8b:[(267, 476), 2, 4]
