aca3c1fa64d0:[(0, 0), 1, 270]|[(30.0, -10.0), 2, 180]|[(-10.0, -10.0), 4, 270]|[(20.0, -20.0), 0, 0]|[(10.0, -30.0), 2, 270]
2709c67639b8:[(0, 0), 4, 270]|[(20.0, -0.0), 0, 180]|[(50.0, -10.0), 2, 180]|[(0.0, -20.0), 0, 270]|[(30.0, -30.0), 0, 0]|[(40.0, -20.0), 0, 90]|[(0.0, -40.0), 4, 270]|[(20.0, -40.0), 0, 270]|[(50.0, -50.0), 1, 90]
d9fec4226107:[(0, 0), 1, 270]|[(20.0, -0.0), 0, 180]|[(40.0, -0.0), 1, 180]|[(0.0, -20.0), 1, 270]|[(20.0, -20.0), 0, 270]|[(40.0, -20.0), 0, 90]|[(40.0, -40.0), 1, 90]
d478803085af:[(0, 0), 4, 270]|[(20.0, -0.0), 0, 180]|[(50.0, -10.0), 2, 180]|[(0.0, -20.0), 0, 270]|[(20.0, -20.0), 0, 0]|[(30.0, -10.0), 0, 90]|[(0.0, -40.0), 1, 270]|[(20.0, -40.0), 0, 270]|[(40.0, -40.0), 3, 90]
3fd107be2c8b:[(20.0, -20.0), 2, 270]
e2425571a8e3:[(20.0, -20.0), 1, 270]
477aad34309e:[(20.0, -0.0), 1, 180]|[(20.0, -20.0), 2, 0]|[(20.0, -40.0), 2, 270]
2d1ac847f918:[(20.0, -0.0), 3, 180]|[(30.0, -30.0), 3, 270]
f0117901b095:[(20.0, -20.0), 3, 270]
76e64d50bbc8:[(0, 0), 3, 270]|[(20.0, -0.0), 1, 180]|[(10.0, -30.0), 0, 270]|[(30.0, -30.0), 0, 0]|[(0.0, -40.0), 4, 270]|[(20.0, -40.0), 3, 270]
