e03749c5cec2:[(300, 300), 3, 270]|[(540, 300), 0, 180]|[(780, 300), 2, 180]|[(300, 540), 0, 270]|[(540, 540), 0, 0]|[(780, 540), 4, 90]|[(300, 780), 1, 270]|[(540, 780), 3, 270]
7f9eded98252:[(300, 300), 1, 270]|[(540, 300), 0, 180]|[(780, 300), 3, 180]|[(300, 540), 0, 270]|[(540, 540), 0, 0]|[(780, 540), 0, 90]|[(300, 780), 3, 270]|[(540, 780), 0, 270]|[(780, 780), 2, 90]
5eb2873c6451:[(420, 420), 1, 180]|[(540, 540), 2, 270]
53ed5ed97fb6:[(300, 300), 4, 270]|[(540, 300), 0, 180]|[(780, 300), 4, 180]|[(540, 540), 0, 0]|[(780, 540), 3, 90]|[(300, 780), 4, 270]|[(540, 780), 4, 270]
739efbeab92c:[(300, 300), 4, 270]|[(420, 420), 1, 180]|[(540, 540), 3, 270]
5fb542061062:[(300, 300), 4, 270]|[(420, 420), 0, 180]|[(900, 420), 1, 180]|[(180, 420), 0, 270]|[(660, 660), 0, 0]|[(780, 540), 0, 90]|[(180, 660), 2, 270]|[(420, 660), 0, 270]|[(780, 780), 2, 90]
8b840cddf87b:[(540, 540), 2, 270]
310cb4cefcf5:[(300, 300), 2, 270]|[(660, 420), 3, 180]|[(300, 540), 2, 270]|[(540, 540), 0, 0]|[(540, 780), 2, 270]
2c8f9dd71ffe:[(300, 300), 3, 270]|[(540, 300), 0, 180]|[(660, 420), 1, 180]|[(300, 540), 0, 270]|[(540, 540), 0, 0]|[(900, 660), 3, 90]|[(300, 780), 1, 270]|[(540, 780), 2, 270]
c8699ee9879b:[(540, 540), 2, 270]
